Vertices - 215 vertices, 60 atoms, max vert = 4.547517747428933, Net type = aw
0 8 28 58 2.1133520118116875 5.375148902787098 -0.2896979886163548 1.6120378903500798 0
0 3 8 58 5.365968764488855 4.326555603493384 -1.8464833319948766 2.006008787334316 0
0 25 28 58 2.484483721959326 7.011618891188572 0.7063561544635406 2.8370814377692564 0
0 8 28 50 1.7313383602942956 4.547860768739281 -0.33798995248491015 1.4523425103348873 0
0 8 50 55 2.4799580880431815 1.8162386942755253 -1.1578961265320085 1.8730262578443977 0
0 18 28 50 1.6302237374434494 5.324538637697289 0.55357628904614 1.9089120066835885 0
8 28 48 50 0.9073143923085445 3.614839733135677 -1.2911880416494605 0.9667452765361413 0
8 48 50 55 1.7804599123292428 1.8898546340317548 -1.5472023248906124 1.588244497701071 0
18 28 48 50 -0.5121103256816515 4.253312602527535 -0.46556388877789345 0.7260280761342429 0
7 8 28 48 -0.4810329178564299 3.9222268437266647 -4.630601699152749 1.4927782437024497 0
7 8 35 48 -0.4640839037355393 3.85656257771586 -4.683193388463628 1.5141892089051154 0
7 28 31 48 -0.9303773841501704 4.107007062391224 -4.266562354034485 1.1696390355316544 0
7 8 28 31 -0.34113178168118763 4.554202201179311 -4.941745726462387 1.4876355861268635 0
7 8 9 31 0.5959652297824176 7.320057605349858 -7.920797464095758 4.171016498083028 0
7 8 9 35 0.608355435637252 4.538980134503754 -7.865232284142589 3.3324100166683195 0
8 9 20 35 3.4924356460882686 1.5856044435325751 -4.794488816760107 1.9897331247147827 0
8 15 20 35 1.8002663542128081 1.5991068756832107 -2.2789429288070395 1.5172742321883808 0
9 12 20 35 3.895058943556513 0.8582112189629614 -5.753389165525119 2.4050697938527312 0
3 8 9 20 3.5627554433535726 1.5860330726481542 -4.7213358658020335 1.9860060185883661 0
0 3 8 20 3.470338950349672 1.5274953096054538 -1.6019002760334764 2.0950229353684073 0
3 9 12 20 4.014157428259127 0.8765362960037972 -5.600776790372259 2.365811708119367 0
3 8 9 58 5.642338751092554 4.696258228610403 -2.5425300981752783 2.0631760549648774 0
3 9 25 58 7.647897039115613 6.2739774296328665 -1.579251621815762 4.112797632122637 0
0 3 25 58 7.185909008057647 5.818811431343942 -1.3279280105184392 3.6648226487959334 0
0 3 25 27 8.036295019309714 2.2552038249029627 1.2523584579629263 4.00937324967852 0
0 3 5 27 4.3496027533214345 1.4534022069924437 -0.96354810979556 1.891158932680856 0
0 25 27 40 5.899767092079847 2.086516668985709 2.8149814417317693 3.0914315542008626 0
0 13 25 40 5.642850461152415 2.128383552881994 2.9471623273964034 3.024628293956342 0
0 13 27 40 5.577263389524971 2.038373334058137 2.8227947629314984 2.9385210402291673 0
13 27 40 56 2.794875343866573 -1.9635322377711495 1.964608615658623 0.862300846054488 0
0 13 27 42 3.2883169465241187 1.5715364916276577 1.5552577212546916 1.8351990673290752 0
0 13 42 47 3.7101833572218927 2.3462545848230807 2.6524239229918867 2.0935242002395738 0
0 27 42 55 2.699590140679789 1.405030252160568 0.4875082566851156 1.7819701466644673 0
13 27 39 42 2.287995243401383 0.6257144490412481 1.1411174810945983 1.4595344036922375 0
13 39 42 54 1.2909590751686688 0.5659552105448795 2.691613346172141 0.5560980171601995 0
27 39 42 55 2.2519618930380316 0.644390933443755 1.012848631450033 1.476892632468493 0
13 27 39 56 2.0998449476929126 -0.8944111013633863 1.332834434289993 1.0028438679581506 0
13 22 39 56 1.8540963480959998 -1.2476608197013448 1.6984128619201475 0.7740237823565752 0
27 39 55 56 1.848174036931297 -0.4879556892762519 0.28394466777653055 1.2503763792073501 0
5 27 55 56 1.9165605514408606 -0.5814393989593727 -0.37560435322492675 1.344160018941126 0
39 46 55 56 0.7890497514556638 -0.9203954771702483 -0.16183152069601192 0.9739184998214591 0
14 39 46 56 -1.0403250506244452 -3.101528335465379 1.6028546805034154 1.26164074834824 0
20 46 55 56 1.4320809375993924 -0.8595803837135592 -1.2115561348068167 1.4921081757533865 0
39 46 48 55 -1.4357650960954171 0.8812247321327078 0.3732901716439925 1.0252770621707283 0
24 39 48 55 -1.383769414659837 1.0557832495724457 0.4922472629994734 1.031646003788863 0
15 46 48 55 -0.18356806726106956 0.36482878300393623 -1.5064859309732797 0.7634886124653791 0
24 39 46 48 -1.7616541880854426 0.9444552985901591 0.53601159457349 1.1377001915294285 0
19 24 46 48 -2.5860279138761126 1.0300795252674468 0.6173503625683421 1.3497452850689384 0
19 24 39 46 -2.467397153041871 0.8180201197595851 0.9784533149775401 1.358357959190399 0
14 19 39 46 -3.0086514334238386 0.36964518962564297 1.441342561584777 1.5236836343310267 0
19 24 39 41 -2.40505964583547 0.8566155795132819 1.1484459858184493 1.2701575355234678 0
19 24 41 42 -1.9926981444410157 1.8117947502486798 2.06504137360236 0.4752638060838642 0
14 19 39 41 -2.9663995085979304 0.39669946643795884 1.5580847801746507 1.472769594197159 0
24 39 41 42 -1.8326593950747274 1.0087576690220437 1.2393436432782938 0.9045325041208963 0
24 39 42 55 -1.3797906858257123 1.0572863379636919 0.49499976170385507 1.0290989834123658 0
39 41 42 54 -0.8480888264146331 0.8629847077333488 2.059524894266596 0.08427885238926598 0
14 39 41 54 -0.7746767141324122 -0.0166089201575903 5.116532371715762 1.7518947447181084 0
41 42 45 54 -0.7869469564184597 1.1190142507193328 5.123819226311369 1.488338597665741 0
14 41 45 54 -0.7752176240377913 -0.007301304365785022 5.13740902285088 1.7660924140421284 0
42 45 47 54 -0.16545374794639098 0.8699333035339911 6.121465405189642 2.405444031331393 0
19 41 42 45 -2.089428723881413 2.312400509929966 3.601160118380652 0.8286966741532277 0
14 19 41 45 -3.1256431593714398 0.5953890364927577 2.3374940631424606 1.2260513540433353 0
19 38 42 45 -2.0487303300545814 2.9990485354640524 4.051618821259863 1.1456635800923118 0
19 33 38 45 -2.5045569176804694 3.1697124483897587 4.118539213357975 1.0456846518618526 0
4 38 42 45 -1.16277447015448 2.6565994971021767 5.307158922090434 1.5765195136652232 0
4 19 38 42 -1.6356576375967937 4.447592312542165 2.600981368566315 1.1161481160457145 0
4 18 19 42 -1.6279144990803753 4.483450619429664 2.553534906629959 1.1363577066942872 0
4 18 19 38 -1.6757881328363111 4.522982745091974 2.554553295429886 1.133549953578848 0
4 18 33 38 -2.8131654166040034 6.411179814408603 2.383204732837112 1.6908275169052625 0
18 19 33 38 -2.5901003771176248 5.19052891670546 2.407031073318933 1.2858104055824053 0
18 19 33 48 -4.674483239646891 5.2586217304187 -0.4462502928221177 2.711989813460601 0
18 19 24 48 -2.2334249515505222 3.672634399779489 0.4201499898820942 0.9563792442387892 0
16 18 33 48 -4.8186398300104365 5.481855428688935 -0.6066809183510129 2.907747630735609 0
16 19 33 48 -5.516986227328503 4.291652265649157 -0.6696636210202653 2.8265792264495992 0
16 19 48 52 -5.700033410755295 3.963538325687839 -0.7038308042048529 2.8639523220033993 0
16 19 33 52 -5.734079417208779 3.9766473911012437 -0.6856011260837569 2.8770178879986767 0
19 33 45 52 -5.3957250443002405 0.9762746171597496 2.3240014851511455 1.899569982252763 0
14 19 45 52 -4.852897235124493 0.6381049689001013 2.1625978789413507 1.7603030046103425 0
14 33 45 52 -6.286177021172232 0.4781136499682095 2.752821453016647 2.3614485084568644 0
14 19 46 52 -3.612993972560613 0.33936293493370906 1.258664096040849 1.646716999658431 0
14 37 46 52 -6.200227290551764 -3.3290320548806576 0.05140968935385226 2.9995272379689095 0
19 46 48 52 -3.389887125832499 1.0284888183127254 0.3158152975992792 1.5041664202433893 0
34 46 48 52 -3.7134235874452926 0.7502460181497747 -1.02979084644261 1.1925013951035595 0
34 43 46 52 -5.816241054591445 -2.2553886781675745 -1.8983827953840078 2.3243242067823737 0
16 34 48 52 -5.4940916783486164 2.9872792877114542 -1.82524757304882 2.2795057478626033 0
34 46 48 51 -2.458852062283565 0.16931114327879868 -3.2141699197981746 1.0740931913779068 0
34 44 46 51 -3.4467210715243803 -1.495565280631164 -3.7528571852200727 1.3703252970100805 0
7 34 48 51 -3.7435425632924306 2.1901431089724617 -4.542262157049808 1.7280608566844564 0
35 46 48 51 -2.3944556895098024 0.16275658223170697 -3.2202268528605984 1.0609646501751941 0
35 46 51 59 -1.5439902829895387 -1.7354337503023207 -3.975360344701029 1.1537049880893078 0
7 35 48 51 -2.704861434673126 2.30300052887231 -4.773041826817843 1.367902560491243 0
15 35 46 48 -1.5275301344135988 0.1815877470569076 -2.8012169388041253 0.7145605247874023 0
8 15 35 48 1.6131047894906017 1.695151279722066 -2.2480755687008935 1.4659613396249707 0
11 15 35 46 -0.4087672476784577 -1.800737083501613 -3.490621632398973 1.0263750363757989 0
11 15 20 46 0.9680294105618159 -1.7706865924648776 -2.3615108367670223 1.2580418510456717 0
11 35 46 59 -0.7971409492075977 -1.8935003829996901 -3.7261676263096284 1.0851520754190924 0
11 15 20 35 0.8039984244035878 -2.0759206524587674 -3.5637810028759533 1.3623641322221032 0
11 20 35 59 0.9081539056023968 -2.2533366644042747 -3.8010709006977708 1.4735393409581306 0
11 12 20 59 1.1323022411388808 -2.474782173468552 -3.850365488420601 1.5529788459750473 0
12 20 35 59 1.2221855499485277 -2.19041640863106 -4.306967344930785 1.4250670686750817 0
2 11 12 59 1.3556535181124292 -3.543492123496924 -4.079027136048761 1.6527698439469847 0
11 12 20 32 1.7839952339404341 -2.5835200958227595 -2.547667364875359 1.517919534794403 0
2 11 12 32 1.7968291640229408 -4.304152416315292 -3.6609580121013874 1.8423200867288536 0
11 20 32 56 1.7246446696701532 -2.364442221723809 -2.1349741684034464 1.5141515133314252 0
12 20 32 36 2.727164939321936 -2.0092897463148214 -2.210642068926991 1.1930656629453764 0
5 12 20 36 3.953781662774981 -0.9319880514303478 -2.31663024828267 1.2692632924075355 0
20 32 36 56 2.1820706025416965 -1.9499748006657758 -1.751393893430657 1.3827196210343269 0
5 20 36 56 2.247677189530295 -1.5600188910138053 -1.480379266405711 1.3606120707539573 0
21 32 36 56 3.4536480789856787 -3.4101675992583242 0.9126359191539544 0.7759452272092653 0
10 21 32 56 2.7036858512650035 -4.211165400829324 0.33298995503244555 0.45222427660549197 0
21 26 36 56 3.4938908323125033 -3.260141654326481 1.04579172664185 0.8148988576730016 0
21 26 32 36 3.548021005136043 -3.4564915946888854 0.9626042663501748 0.792439670827262 0
26 32 36 53 5.161001244589952 -3.981868736294316 1.0736969349360652 1.1265841317916345 0
21 26 32 53 3.6734428236609458 -4.120899283328999 0.9414706716693353 0.6565813743268876 0
21 26 49 53 5.767395751648873 -8.16135293008921 4.843292363953271 4.087460389710451 0
10 21 32 53 3.2672908501835476 -4.431465568163514 0.648964021191797 0.48235774691070965 0
21 26 40 49 3.0284554006458118 -3.0548752773054906 3.0642966973031784 0.43980732797007244 0
21 22 40 49 2.659290828450571 -2.7827972085042036 3.286166727951354 0.5502250069578037 0
21 26 27 40 3.2399902428197636 -2.6106071863335027 1.7725971057157954 0.8443629887826946 0
21 27 40 56 3.1971711630282074 -2.5748176457229124 1.7840338460173464 0.8460546937916621 0
26 27 36 40 5.344610622670501 -3.13263155414848 1.5217222685830512 1.2375732683426486 0
21 26 27 56 3.2629521810442466 -2.6756417490251025 1.6749878336479185 0.8285596183243229 0
26 27 36 56 3.5143121603412992 -3.0537711787124477 1.1497747014283 0.8442970951700814 0
5 27 36 56 2.9132972274336337 -2.16431160522552 0.03490490717731887 0.5036523419706846 0
3 5 27 36 7.637264520907661 -0.59319503351592 -1.078309328333062 2.711781997483219 0
3 5 12 36 5.145413049066425 -0.577021773372429 -2.523301755415938 1.7377121110949691 0
3 5 12 20 4.581823911392481 -0.2520646423095063 -2.5330462285468536 1.6993179987036333 0
0 3 5 20 3.5316683059290566 1.417330881556706 -1.4974600422213131 2.114166268153179 0
0 5 20 55 2.900714451105924 1.337529231990176 -1.1447392316529545 2.090841987240218 0
0 5 27 55 2.8948185245564435 1.3182628207476794 -0.8919299408214783 1.9990384842485407 0
0 8 20 55 2.754579661395436 1.5190097702347978 -1.2980931552689134 2.0642949884723523 0
5 20 55 56 1.8455825353091577 -0.6972620929006409 -1.0263373943204743 1.5430456354525843 0
8 20 48 55 1.845133441386353 1.5670668731951158 -1.8571529834337301 1.7044373495266891 0
15 20 48 55 1.8353489872646822 1.558235976984771 -1.8597680180520335 1.697320888954459 0
8 15 20 48 1.836321594405121 1.5685283012229942 -1.8768575066606075 1.6953627298392973 0
15 20 46 55 1.3082726089952557 -0.7406813978445109 -1.32932569713401 1.4112861280873925 0
26 36 40 53 7.678209188507848 -4.125168930797223 1.6673880212472332 3.112599583496711 0
21 22 40 56 2.7053575235980336 -2.287935907385563 2.1743342702971 0.8112066624452571 0
21 22 39 56 0.6103552422282488 -2.457243530744321 2.4254818834426213 0.6834736827682822 0
13 22 40 56 2.7437461068440987 -2.0412944873219154 2.0447756732973836 0.8440837363983585 0
13 22 40 49 2.821772667977567 -2.0462715127178006 4.356839731277123 0.3953441201641145 0
13 17 22 49 2.6834955663224664 -1.9625617314969366 4.870196068731027 0.5970576909371043 0
13 17 40 49 2.9422807533323967 -1.885143810695161 4.639849241438791 0.454288054365801 0
13 17 40 47 5.380703391544756 1.669271235360875 4.511699948508072 2.596650725400721 0
13 17 47 57 1.2357445931157753 0.0983737187688486 7.745331725009039 3.086179949850313 0
13 25 40 47 5.6876345745034245 2.1719306965689986 3.395024896681007 3.043415480198889 0
17 25 40 47 6.833943813888638 2.214366257084024 4.7143377186500155 3.7090206336622296 0
0 13 25 47 5.278676787313937 2.2911188437840133 3.0449344510252287 2.8545053466294052 0
0 25 30 47 3.958688162166108 3.563013699991689 2.80451199451923 1.9208706920787744 0
0 30 42 47 3.1987755930305686 3.348517899785764 2.584931329740184 1.749386498630129 0
0 25 28 30 2.3418266847966924 6.925601872611301 0.8753350965584166 2.836765091450587 0
0 18 28 30 2.08120328600848 6.529875490321237 0.9360376423504306 2.6106466812492637 0
0 18 30 42 1.714304643727934 5.343025725795531 1.2690267706219653 2.050978085131451 0
0 18 42 50 1.694141427977163 5.299266593400366 1.2196669932258615 2.0204767611481085 0
4 18 30 42 0.39743544619797966 5.183915754548231 2.2401385709701827 1.3106181980651959 0
4 30 42 47 -0.709336362471187 2.377062204582482 5.866362525016623 1.9623718091448565 0
4 30 45 47 -0.7545946015848547 2.3546820740654946 6.0977720499246795 2.0618692660090683 0
4 42 45 47 -0.7297994620999673 2.3518452544572317 5.896407090759398 1.995437592573571 0
0 42 50 55 2.682453782282565 1.4253696005190521 0.4773773178352743 1.7688281731827196 0
18 24 42 50 -1.076439480209958 3.7956209497199085 1.173676363099956 0.5993152520557189 0
18 24 48 50 -1.6227271896293525 3.6192568435611374 0.3500221783363574 0.7696357154051818 0
24 42 50 55 -1.3633080499427286 1.077253389139399 0.48914015005517286 1.015323260930278 0
18 19 24 42 -1.6024710350799412 3.979805810625911 1.7943798968931617 0.7979929095191713 0
24 48 50 55 -1.3653264826614877 1.0775296967248116 0.48643809015304984 1.0163604595770928 0
13 17 22 57 2.262699435964057 -1.6453351776518526 5.487307445798057 0.877521296866984 0
13 45 47 57 -0.03289875268851583 0.1067342263026777 7.5921196868378935 3.446391470016067 0
13 22 45 57 -0.09650767127916016 -0.0076104822038454145 7.426730291916902 3.324521462568249 0
13 45 47 54 -0.08883184733312666 0.6418950422934269 6.244496989049511 2.5548884796883997 0
13 22 45 54 -0.24184762943209082 0.28752538177702824 6.000341561488284 2.391922938556938 0
13 42 47 54 0.3547592939981161 0.8911089163250738 5.664620998445446 1.9852930451386679 0
13 22 39 54 0.3156445806033137 0.04564592661804412 4.325464575075474 1.006376250538169 0
14 22 45 54 -0.5204826121911048 -0.052670024808272764 5.549086233903983 2.104128297496059 0
14 22 39 54 -0.526395954538073 -0.09830219567504317 5.431833853690723 2.0181052139951734 0
14 22 45 57 -0.3356653913336771 -0.34520600217295394 7.155887553903764 3.0933202969516667 0
14 21 22 57 -0.17648389883125892 -3.1266941491314055 4.502388934363155 1.468785024227574 0
21 22 49 57 2.086825897846507 -3.105775196553327 4.119637836045816 0.6337030940019646 0
14 21 22 39 -0.2764124926431619 -2.754442940033341 3.386891133828238 1.1578525076107482 0
14 21 39 56 -0.8850094200256922 -3.1398263450012567 1.8572536223385532 1.2304490853380492 0
14 21 46 56 -1.1504496830306934 -3.476823865488427 1.5251619199080588 1.3742811945328048 0
21 29 46 56 -1.1415433382913056 -3.6948727279135376 1.3103747366995462 1.3489866940568 0
14 21 29 46 -1.2943848331750665 -3.7146770449268733 1.4538258920610643 1.4397649985263727 0
1 14 29 46 -3.723359106713928 -4.068803760690577 0.6898833077412734 1.7138674926855462 0
1 14 37 46 -5.611821458085401 -3.856359998684002 0.16057437171966105 2.7353679270810236 0
1 11 29 46 -2.2614891442386695 -3.887937121133893 -1.2608114433203004 0.5074272245556095 0
1 14 29 37 -5.971952328075802 -6.066738253468479 1.4084286622191007 3.4721471465075697 0
1 2 29 37 -2.748221565000236 -5.749759164921157 -3.306444505263483 0.9597490081601963 0
1 2 37 44 -2.9062394044997877 -4.673199569202246 -3.364611002103859 1.110100953907462 0
1 2 11 29 -2.2775034943032275 -4.675462590097185 -3.1688030742992748 0.9208744034076712 0
2 11 29 32 1.6030003111817326 -5.119501387786571 -3.1830039917337576 1.7867454904797555 0
1 2 11 44 -2.6580645468756803 -4.362559568341842 -3.2781366037248 1.1293028381589418 0
1 11 44 46 -3.1684876965249393 -3.706621311087593 -2.8640234906086843 1.2869599491735237 0
2 11 44 59 -1.740244362112938 -3.276605753015655 -4.022159594448824 0.9319328307479016 0
11 44 46 59 -1.9205563451662966 -2.4323260548095016 -3.8741203551364083 1.1574090621760997 0
44 46 51 59 -2.0200442345255976 -2.002040667012616 -4.038170840979696 1.235616501612606 0
1 37 44 46 -3.575729795549291 -3.6592646316737616 -2.7476764759817067 1.39058901684509 0
37 43 44 46 -4.442698642354109 -2.9621925906485607 -2.765072963197789 1.6152703271258348 0
37 43 46 52 -6.026669013163916 -2.8961487020294565 -0.8565235741876394 2.579640577687285 0
34 43 44 46 -4.954462992311009 -2.331207582078396 -2.8930534478815546 1.9087073289037886 0
16 34 43 44 -8.031548583021689 -0.2348931155373304 -6.7442117220976225 4.547517747428933 0
16 34 44 51 -7.286661589199961 -0.010869523593385999 -6.897959986561588 4.164495022797077 0
7 16 34 51 -4.173020943381358 2.159247258966982 -4.8828239686659565 1.8814572670066578 0
7 16 34 48 -4.081693539869191 2.488829596581144 -4.22888596445612 1.727348271108763 0
7 16 31 48 -3.6979932352855087 4.27417404007471 -3.168940700419589 1.357626381846724 0
16 18 31 48 -4.467277390638918 5.6798984591061705 -0.9168043969189101 2.7225369669682364 0
18 28 31 48 -3.510650278805338 5.567327787845137 -1.1293506779017366 2.012042458440712 0
14 37 43 52 -7.672043987021829 -3.5441461824545044 0.5797928750999026 3.783754285939775 0
2 10 29 32 1.9419881086000221 -5.9890040262039355 -3.2883585488181577 2.0146902787551833 0
10 11 29 32 1.3917823328970722 -4.557627640740511 -1.717744619762164 1.1583118617689563 0
10 11 32 56 1.3598661588698324 -4.357681226830886 -1.4405470585614213 1.1150912771927435 0
10 11 29 56 1.2878212654342425 -4.397783170378469 -1.3749534177464158 1.0844011155962094 0
10 21 29 56 0.8536774399931828 -4.8338535112755885 -0.008813096086728422 0.6427433523299411 0
11 29 46 56 -0.45379362981262383 -3.6153463640261223 -0.1497041919818849 0.7318181092105887 0
11 20 46 56 1.3140028228528053 -1.8946773016453438 -1.9020411771113468 1.4240572662009516 0
2 37 43 44 -3.7767365420270016 -5.773132547485886 -5.779082784453574 0.9880032211123773 0
17 22 49 57 2.5486136794711225 -2.040168591983861 5.058111664739528 0.6903695028181316 0
END