28.14813862942564 32.0570777416851 10.960191784236658 0.6504172063975379 0 33 35 60
29.217764255814863 30.99742691113786 10.155505663229984 0.5336356229502603 0 29 33 60
28.12360088199011 32.08162670899401 10.972295002963891 0.6643151048665504 0 9 35 60
28.73851857018554 31.20717503691737 10.90951039301021 0.5871721078939275 0 33 35 41
28.133421578558178 32.096358585783385 10.967897294382599 0.6538385299010496 9 33 35 60
29.219219726020963 34.26429758740681 9.73402520854661 0.5668594140584755 9 33 55 60
28.868849469541644 33.77863923037694 11.736441662989389 0.47148595937384313 9 33 35 54
30.066059043588943 34.0223672168431 12.34680570879266 0.5776719958437054 3 33 35 54
29.013102895442657 34.00327590573104 11.097133755295571 0.27941315592447735 9 33 54 56
28.629485819526227 33.70905228325896 12.292998554263518 0.7077582868868304 3 9 35 54
28.154663232808414 32.918804221430534 12.21755133921918 0.6818008885616939 3 4 9 35
28.603098870543764 33.72019766475313 12.323053489112217 0.7143750723159129 3 9 54 56
28.12293363834488 33.86695202604918 12.835097041020466 0.9271993662671664 3 4 9 56
28.141330882221855 33.99965267969356 13.004062917577604 0.9688177054364734 3 4 54 56
28.33523645080193 32.01897221565563 12.160317721870165 0.48377313705830444 3 4 35 39
28.00564229966969 32.60459329023848 12.108219604433211 0.7330716454299324 4 9 10 35
28.096249667071994 32.06554083311009 11.019159432205019 0.6786397392700241 0 9 10 35
27.95916944821619 32.40716119760184 12.05939156532839 0.7580209352604035 4 10 35 39
27.961154543213862 32.07450858003613 11.62431075071217 0.7284715296447581 10 35 39 41
27.997901900247967 31.91701739194243 11.260974504076007 0.752234003180259 0 10 35 41
27.501542942075584 31.73581278783329 11.363249083688803 0.656820746373755 0 10 39 41
28.454902976448953 31.872136422133817 12.156247852040696 0.4204998699028704 3 35 39 41
29.794208018284497 30.76678188618635 12.025071955768821 0.5348540047813276 3 27 35 41
29.247471292185185 30.722170689828943 13.036266937373279 0.17345400425747418 3 5 39 41
29.612062472299797 29.75304081745768 13.274810567306739 0.6197646248838742 5 27 39 41
29.090266969431752 30.796916297986996 13.645494419705148 0.13264492686325102 3 4 5 39
29.811946110855907 30.67777330355504 12.160723774812089 0.5110165899610865 3 5 27 41
30.029050201872355 30.727951781830168 12.013956159661198 0.5771039324521234 3 5 27 35
31.03002636780117 31.25424681133389 12.072735817003581 0.5442611193334602 3 5 34 35
30.60854853236692 30.647865413822704 11.856527049586125 0.7650273550105171 5 27 35 57
31.93155274052208 29.11771987003117 13.03167559842596 1.6920344660365298 5 27 57 59
30.96958231528853 31.123776112617577 12.02007962491542 0.5831485980252322 5 34 35 57
30.48533653695917 30.68438814054952 11.49248823752672 0.6662263000426165 27 33 35 57
30.064961004198732 30.761069624752356 11.286531558746253 0.5142396086925962 27 29 33 35
30.453683276260154 30.6661738513348 11.332670115585781 0.6281457360569644 27 29 33 57
30.508084211475868 30.712111795426143 11.503684878782149 0.6476952755725606 33 34 35 57
31.27812597555068 32.237004584128776 12.201368571480577 0.3720561143780688 3 33 34 35
32.25048161507473 33.357541450227906 12.514837960579118 1.2801632713114919 3 33 34 58
32.91877628320697 34.82694800288509 12.848109077087761 2.529362901646852 3 33 55 58
31.909681018165067 32.13457846042813 12.422845957982622 0.7795234808417798 3 34 57 58
32.65849563165842 34.31303064968592 10.662963219138568 1.4126409777959448 33 34 48 58
31.721517816727292 33.35236572461126 9.423681226230253 0.5751022004366805 33 34 48 49
32.91339003464645 34.871962233310434 11.163872329171166 1.975553584362223 33 48 55 58
32.373596036169374 33.0121166061781 9.51164641867398 0.7036906252141794 34 48 57 58
32.16551540388338 32.8116640422976 9.261983204213806 0.6658793823305637 34 48 49 57
33.27182655620952 32.58069583746095 9.008701443815418 0.8030815565477818 48 50 57 58
34.39107788808255 32.048840260297574 8.763644802584563 1.3093416001809481 13 50 57 58
32.91476719222703 32.252659580113 8.599710474829676 0.7912991111106941 12 48 50 57
32.654887206826174 32.26290042607071 8.605554572099999 0.7477381689237578 12 48 49 57
33.665341244710525 34.859688558877664 3.5475087959687053 2.8681499677047007 12 20 48 50
33.08636061246855 32.1888272153148 8.584633939927208 0.8150384966870953 12 13 50 57
32.50904674030385 31.43255128424058 8.444490963875733 0.5593567334065562 12 13 25 57
32.08932487736924 30.03343862192728 7.2459013612327325 0.45894911930953947 12 13 25 36
32.186224331031326 32.12159697514551 8.584688973035512 0.6849679772027784 12 25 49 57
32.821844047626435 29.44933471179081 8.289394028394536 1.2005194774781358 13 25 57 59
36.054948693160874 31.22733871280255 8.895329699967737 2.4739827322446875 13 57 58 59
32.84495292749358 28.840864159547795 8.11788862487179 1.607866591017054 13 25 37 59
31.541465474905646 28.559362165368384 9.106640874651218 1.4135004294806583 25 29 57 59
31.105661849084637 29.444384812602042 9.405419820080164 0.7726229427748039 24 25 29 57
31.441028316154654 28.907237450099036 10.727444366942903 0.8012675906303162 27 29 57 59
31.60050581387944 28.336008997114643 9.002595142576956 1.5888700475645314 25 29 37 59
31.436495691990793 28.403170200056906 8.95164834332296 1.47278697377739 25 26 29 37
31.966300865678278 26.9322529669165 9.254867592093396 2.47430693089629 27 29 37 59
32.19199167428802 26.414596794336763 9.29550463968842 2.8855377510050624 27 28 37 59
31.583944941414295 26.87951813369408 9.159237684659729 2.302293572657287 27 28 29 37
29.802403195036234 27.469534882192196 8.621259153231607 1.4875241481760562 26 28 29 37
28.06319945324575 28.587953814384488 9.358433745140246 0.7963361617978331 0 27 28 29
26.745237281404712 28.56412425238086 10.626115361437042 1.066721006355029 0 2 27 28
28.718265853384512 30.781734294046576 10.831157162709795 0.47294017576772346 0 27 29 41
28.162890843444853 28.37263189067079 8.96426257762013 1.071562138036502 0 28 29 53
28.614506572182194 28.053509250522204 8.706037669556203 1.19850128144271 26 28 29 53
26.59785311035546 27.81289046984447 9.628810047217389 1.5386820051337864 0 6 28 53
28.334318426239488 28.52079880832094 8.810844459470804 1.031067786700072 0 26 29 53
28.88560682101934 29.76772149033401 9.162145612642174 0.36615560936586283 0 24 26 29
28.317515530083973 28.57475369021767 8.769921089573774 0.9868817941074004 0 26 51 53
26.49536146511205 28.072519916612055 9.437362910458681 1.3076524080412442 0 6 51 53
28.290133452041122 28.79727913993416 8.66008114995792 0.8151617136641381 0 1 26 51
28.779966443110975 28.79920141662333 6.784234935538054 0.6236124098828273 26 37 51 53
29.143593401861462 27.260417686475677 8.3455492772475 1.6626594503536616 26 28 37 53
28.69926097466996 28.758898837740432 6.25684137764048 0.6903008619856195 37 38 51 53
28.79854691532578 29.197401422418043 6.457827404053497 0.6038007811821806 26 36 37 51
28.793698202745805 29.245112644361406 6.442547145370171 0.5962775905588378 26 36 38 51
30.853780289374644 29.69753359554095 7.447616321663947 0.10762480385830929 25 26 36 37
28.793229800558628 29.181055469649927 6.439936041019092 0.6064087211480199 36 37 38 51
32.74313050967632 28.962018181021932 7.986684961063393 1.4498040620527168 13 25 36 37
30.8011606684156 29.793764090917602 7.38632595225604 0.05691562200890497 24 25 26 36
28.934242193132295 30.559734339217574 6.218357047854006 0.6278660704987176 24 26 36 38
30.855699919992 30.935633493707737 6.7249896967644585 0.12478331448860061 14 24 25 36
31.170505016531962 28.780886637195476 9.03418617592523 1.1172282405434206 24 25 26 29
30.867723039820035 31.16860885980645 6.764609088924928 0.11949784899972486 12 14 24 25
31.537675422260406 30.485442417518342 6.957162776383991 0.11970015178854944 12 14 25 36
30.278087264246437 31.38333906118865 6.237755448958964 0.4198708719759899 14 20 24 36
30.03029247986258 31.385143547576327 6.142383957280434 0.48437433459395474 18 20 24 36
30.51374031025142 31.582943928288675 6.480884690513819 0.3157302724456764 12 14 20 24
30.90628650487571 31.246281025737986 3.496909162852158 1.3590360936176122 14 20 36 38
30.03696681124784 31.29506422346868 4.921303883346388 0.5793579238904473 18 20 36 38
30.922435920081213 31.247573765569534 3.4508404279423974 1.3961958677664663 14 19 20 38
30.109845690576435 31.318652173479386 4.5550981705203295 0.695848011100382 18 19 20 38
28.33764270362639 31.212508793801735 5.145329190669199 1.2051495767202602 18 19 22 38
28.36034721296043 31.17628186480085 5.56211525228335 1.1893998338490137 18 22 38 51
27.527260716471233 35.6949938457485 4.418874504404264 2.1334135084787085 15 18 19 22
28.643262291970306 36.85051109737086 3.4977676908387814 2.812972450680349 15 16 18 19
26.904637562514296 36.669670529312256 2.863055207595162 3.629176998338235 15 16 19 22
27.564028935845087 35.591380741886525 4.606357515060119 1.9857202154895006 15 18 22 31
27.749294018898564 34.93255185298176 5.178143301380883 1.3208136968479736 18 22 30 31
29.440691682845117 36.00095268575364 5.415162403026564 1.2516259476298923 15 18 31 45
27.200376644777744 35.47659996327038 5.168972710717751 1.634746723808967 15 22 31 44
26.015321517814762 36.770699494059066 3.420538835164713 3.4365365808435486 15 16 22 44
27.260783001698172 34.9359584529622 5.745330800206943 1.0837443148483197 21 22 31 44
27.227260741876794 35.44210037861705 6.284296322134268 0.7870948364140551 15 31 43 44
28.364552488172485 35.258395978608746 9.15848972611876 0.5161753262931832 15 30 31 43
26.712502061896107 36.02788652772445 6.322112612511432 0.7923251730543183 15 42 43 44
27.30455873319815 34.75567195163552 7.044300469927982 0.29599173593215095 30 31 43 44
27.273279949892785 34.83186255006786 5.896871611928278 0.963771908273138 21 30 31 44
27.268545670992896 34.57750680708595 7.327325852945012 0.1907513008861225 30 42 43 44
27.006310751424333 33.59845479191285 7.892187122688973 0.39123706986482676 21 30 42 44
27.5516458592526 34.3883960290289 8.677992844080865 0.19599930450859565 11 30 42 43
28.03199884037679 34.85780427759463 9.042810305396667 0.32409149148089966 9 11 30 43
27.089281397084697 36.56719483484941 10.118952862217855 0.9264306080905954 11 42 43 56
26.970933868452537 33.14201791624749 8.478712469080715 0.7212072905727714 11 30 42 60
26.970264579360613 33.141025001731165 8.477784899164446 0.7218016587641027 21 30 42 60
27.180993398300462 33.29615151529817 8.616358141443577 0.5502496427997802 9 11 30 60
26.969110240770778 33.14014562622782 8.478927800549087 0.7221904623377317 11 21 42 60
25.691706932513544 32.75503414027303 8.991634647979543 1.0178273552217565 10 11 21 42
26.863584369904704 32.99942827477237 8.57727613128496 0.7509416130199221 9 11 21 60
26.436981831917876 32.830230053630096 8.764897537868269 0.8042080847419243 0 9 11 21
26.79447423290718 32.874325846717184 8.638951754550625 0.7747018322303498 0 9 21 60
27.581337518100653 32.03575126823881 7.731617512906126 0.5992940396761396 0 1 21 60
28.150634100849235 31.546239268782223 7.888144698621564 0.38420882437253556 0 1 24 60
25.852567659448535 31.575248935221104 8.174144995797162 0.5571339423163114 0 1 21 23
27.969546402568405 31.83978529252599 7.323659516246152 0.7839374755800543 1 21 24 60
28.00937160560589 31.892072823036365 7.287270472518203 0.7843858073306661 21 24 30 60
27.962811227273814 31.555485544710265 7.013294702699456 0.815887797539162 1 21 24 51
26.592903461919903 31.306906266003153 7.418661750161116 0.2987017742817136 1 21 23 51
28.185308724907795 31.503108897865953 6.4141412632991415 0.9718553150340611 21 22 24 51
28.261048588321206 30.51267172825089 7.479206361032841 0.30352834702251064 1 24 26 51
28.467766151265817 30.232873945728826 8.384496939294124 0.12179553213167728 0 1 24 26
28.659989923096113 30.601588785829062 6.1663667672966005 0.8051742612577258 24 26 38 51
28.52101634259087 31.155333270225437 5.860782800599918 1.1282533706256264 18 24 38 51
29.091427583661027 31.179325615651727 5.908061124256041 0.8317607955489712 18 24 36 38
28.357105655084 31.37745957799922 6.062692918691881 1.088422763027778 18 22 24 51
28.313273710603557 31.862798321450754 6.517471691509331 0.9294701578701933 18 21 22 24
28.307658491732585 31.9141440855796 6.523073503291038 0.9059899465711609 18 21 22 32
28.31536315279679 31.887552233539346 6.540854246049877 0.922972862998438 18 21 24 32
28.31505614556995 31.887997029170176 6.542109028721748 0.9225606440901155 21 24 30 32
30.47537135720637 32.68445594066603 7.384240373025396 0.4647412518903418 18 24 32 49
30.693591210488535 34.72461742706054 6.8150880314582185 0.49553988911414415 18 32 46 49
30.69361980601586 32.522224957969556 7.241041664649206 0.45361660913586177 12 18 24 49
30.390803278370328 32.771881353654024 7.625227512364176 0.4528735396013365 24 30 32 49
30.60113628146646 34.75084309008182 7.076936857951323 0.45620490247318557 30 32 46 49
30.392983168763404 32.87257185595742 8.298675937398963 0.5075814866953913 24 30 49 60
30.617416363614876 32.788126014009 8.675574432170258 0.5643685770003546 24 33 49 60
30.43427941514138 33.345411071214855 8.770772550853865 0.5405457879922408 30 33 49 60
30.58027974459376 34.52293483503958 9.202384346391543 0.8729075640561973 30 33 48 49
29.295458613898038 34.28165244225899 9.662203574813699 0.5803044191233406 30 33 55 60
29.208477592081508 34.30127296947094 9.679019456787902 0.5828223184585481 9 30 55 60
30.57921686469691 34.53273584148788 9.206972112166152 0.8772868700087662 30 33 48 55
30.548990970974224 34.90446459864612 9.049951193121595 0.8673921624062448 30 45 48 55
30.090025233442304 35.28923587991221 8.998932927525086 0.7269895957810448 17 30 45 55
33.50809043401666 36.82488699342234 11.057019650685127 2.751144076185961 45 47 48 55
30.588280838987032 34.835014408065305 7.9751933864963735 0.43224702976054324 30 45 48 49
30.588415438678858 34.82908639008707 7.803337558580655 0.40661193178590244 30 45 46 49
30.60644195572739 34.83655758409478 7.868690578766798 0.40498745299447375 45 46 48 49
33.30135422804916 36.538263284966796 9.1483276434781 1.2160339090334547 45 46 47 48
30.748839182233745 34.72100297106129 6.770144319351587 0.4837396907984669 18 46 48 49
31.653289398717877 33.828493721953315 6.198621573996236 0.29515471685227096 18 20 48 49
33.90464306760883 35.13476820718828 3.084528383031475 3.4133939909939275 18 20 48 50
31.899525488077508 33.55066597643442 6.22004519278683 0.2847494493473819 12 20 48 49
30.81712078941958 32.63319596260315 7.104448112218456 0.3418956451690637 12 18 20 49
30.647781516599746 32.36552862648878 7.0916139307614845 0.3830904130006135 12 18 20 24
36.06226827492338 37.494120177464936 1.3240063753682323 6.4778623855743405 45 47 48 50
29.458541983785505 37.59148730920102 2.7122254698581787 3.6572729332286937 16 18 19 45
29.32070847371957 36.99617663420547 3.793090877046242 2.635534009978064 15 16 18 45
29.686431112981296 37.750401404171996 7.114016559704195 0.30471755606524453 15 16 17 45
29.611243748480664 35.9339772556141 7.143295669954868 0.18112540269097543 15 17 31 45
29.462235543211676 40.6218515482773 10.740836878962234 3.4379312882965736 15 16 17 54
29.98682180029676 39.095755714834716 8.278111852816533 1.2484352338037858 16 17 45 47
30.507758909701554 38.83692780966659 10.3349245782329 2.06775299447438 17 45 47 54
29.963224490184874 41.3240159982572 10.894042230934302 4.159570171648858 16 17 47 54
30.483736798065898 37.64227135580279 10.046297850664285 1.2397561506425643 17 45 54 55
31.516779019849224 37.971202460384944 10.619783490390773 1.8531331720053965 45 47 54 55
28.822712275510817 35.84205407338001 9.542767887428877 0.5156924654742254 15 17 54 55
28.635826188304332 35.43498293449986 9.47126583358797 0.6433460844457369 15 54 55 56
28.953695616519983 35.36631375119203 9.284896635642877 0.6249617921082548 15 17 30 55
28.96349948269103 35.37337947433741 9.209893562221446 0.5726235963557618 15 17 30 31
28.697929110151826 35.308544808714814 9.389770749243848 0.6755718040877944 9 15 30 55
28.635714501055187 35.397905849214006 9.456587304929933 0.6556433478510925 9 15 55 56
28.37551420113301 35.25643364066677 9.218933102997537 0.5582902472955759 9 15 30 43
28.030715627844216 35.78044828510574 9.61811009050842 0.5622724288171267 9 15 43 56
27.818045962232514 35.889133933538496 9.725345551182397 0.5469824407241735 9 11 43 56
27.026532741235055 36.93836236354643 10.179594860787173 1.169997432913006 15 42 43 56
26.528420411928366 37.7898835880802 10.620063327942578 1.9457776689974675 15 42 54 56
25.656298953257433 37.15467479864874 5.316695237740436 2.1399949174099038 15 16 42 44
29.051296405243736 34.27224210792585 10.579407866268534 0.24077123769438094 9 54 55 56
29.111248104621183 34.15611119095281 10.662170024360275 0.29417855517683 9 33 54 55
32.33010820583058 34.68917818785033 12.749424849249765 2.025728772253492 3 33 54 55
33.1350414725061 35.00306086499616 13.033659896214392 2.7835955239550416 3 54 55 58
29.966067308471175 35.375030432783646 8.449463579777007 0.4240111064294378 17 30 31 45
30.12252927942318 35.182493394520236 6.653089059241787 0.4636218894398879 30 31 32 45
29.982629815071597 35.3500334235306 6.23152565672196 0.6431180686103163 18 31 32 45
28.16363158830096 34.90070813222538 5.42606193086439 0.9530305944562494 18 30 31 32
30.52540202388174 34.854914657707646 6.998372477749406 0.45593747251565253 30 32 45 46
30.564572275015877 34.90077713104305 6.6852714470443395 0.5128175909815748 18 32 45 46
29.344889310115104 30.97726098165685 10.045589398968287 0.5264074375119862 24 29 33 60
31.183711762947286 32.45257620389396 8.847091504560876 0.6065338189133329 24 25 33 49
31.040832163772187 32.3432471566757 7.641178353607962 0.3457168288849907 12 24 25 49
31.174745093592726 32.41172884140304 8.875968406921862 0.5824065984437361 24 25 33 34
31.202539421140926 32.44795802903488 8.854856863915396 0.6090375631831428 25 33 34 49
31.663753657004087 32.31644807563511 8.899061402138553 0.65544717484976 25 34 49 57
31.047740390788313 31.490330236352705 9.37943331172614 0.28242790896906683 24 25 34 57
30.389884588072615 30.74898825936717 10.087575350378513 0.538090437110234 24 29 34 57
30.37240194203381 30.758143105392662 10.090069918609919 0.5360260611844232 24 29 33 34
29.25457635578719 30.93981184498398 10.003553076699514 0.5136522696648772 0 24 29 60
28.29222568436298 31.956007204633185 6.524169186352097 0.8772078764822994 21 22 30 32
27.3064934543766 34.841196231320666 5.805281016962744 1.011005161853661 21 22 30 31
26.909768537418184 31.088763433574734 5.739967594726786 0.5048154200762274 21 22 23 51
26.902721486868835 31.082073968215937 5.724117361071284 0.5094907948622096 22 23 51 52
27.783065696686204 30.70864599476004 4.479296124058548 1.4646361815737634 22 38 51 52
24.431432262819104 30.34816415243436 7.506618161342508 1.011770684930209 6 23 51 52
25.408706063606054 30.921871885439153 8.055120485449205 0.6800766772799779 1 6 23 51
22.746374292519164 26.499444584613567 7.194180408303533 3.536285608791258 6 51 52 53
27.573723784602226 28.09698504346033 4.0261122114715615 1.910527082819817 38 51 52 53
25.825543866155115 26.224662525394827 9.775335010173649 2.6112418494228558 6 7 28 53
26.441502397372997 28.30460591837705 11.149220375360873 1.2765096817018842 6 7 28 40
25.752388046731628 30.020379723104192 11.945540861399238 0.6728878293395091 6 7 39 40
26.51683282770612 28.44135857719261 11.112622489235427 1.2193323197793198 6 27 28 40
26.650931726674745 28.535998759413715 10.752003215448642 1.1293147665343761 2 6 27 28
26.616326626456956 28.76133008622433 11.085427987849604 1.0856348952595152 2 6 27 40
26.34499466918527 29.625497910649727 11.42048230778296 0.6995249384217267 2 6 39 40
26.878755470890894 29.206836412968546 11.178182143137963 0.8290660675208613 2 27 40 41
27.975072908161273 29.01066154630098 12.386432417949887 0.09216729516840934 27 39 40 41
26.85235257751129 29.28082591650906 11.207499785744677 0.7909750688574712 2 39 40 41
27.009151312086168 29.332692569228833 11.108363833638746 0.7262078097468704 0 2 27 41
27.04940462679357 30.748995639069882 11.297024288071277 0.3787896926555584 0 2 39 41
26.887285314631374 31.58034297330209 11.392765630836868 0.654370210328979 0 2 10 39
25.689793131113206 32.49296917934283 9.323608355538745 0.8431462713787624 0 2 8 10
26.162143819283155 31.566905904361818 11.627129320501016 0.8238522741118901 2 8 10 39
26.01391629361883 30.910240725014187 11.641032198044678 0.672539165841258 2 6 8 39
25.28007355344871 30.64685447214393 12.342693875565626 0.9128262222994573 6 7 8 39
25.424023526975446 32.11711240197967 8.725121064803892 0.8962241841664377 2 6 8 21
25.425285661800718 32.107309766800725 8.718499214680449 0.8923747708409191 0 2 6 21
25.426362622796233 32.12285178204194 8.728497405191792 0.8972604954724378 0 2 8 21
25.575199984304785 32.66198425854501 9.026786684356804 1.0725511844928448 0 8 10 21
25.80656062848228 32.73317870888826 8.974005523517494 0.9874752224634088 0 10 11 21
25.50410818229028 32.72693162998793 9.030538365084535 1.0881357136448124 8 10 21 42
25.998372538700163 32.747954400672775 9.001931509982416 0.8841503489300343 0 9 10 11
25.450904697749333 31.69208522940151 8.42770433370607 0.7785984113732587 0 6 21 23
26.072548816804797 29.448508123269455 8.942343578367849 0.3606138340710329 0 1 2 6
26.15793494817383 29.102112351227465 8.9760777991369 0.5639508098498137 0 1 6 51
25.497011226534234 31.320393284065354 8.267428635802615 0.6972210562581111 0 1 6 23
26.66006932101695 28.414057648981487 10.478504963071963 1.1534566469614986 0 2 6 28
32.29136001757344 30.036050361039305 6.699331483790475 0.27739430476658167 12 13 14 36
28.896080003374394 31.02067243787816 10.836123834725505 0.6189939603919228 0 29 33 41
29.11162792368631 30.955593566262138 11.032386365434638 0.5428203251076588 27 29 35 41
29.035367947119234 30.989318462738346 10.957210796039641 0.5730137818831863 29 33 35 41
34.31253571992442 30.35637295529588 14.613430171347341 3.086164991675584 5 57 58 59
32.18066690714332 31.840008560364264 12.777583612556347 0.9353556146247533 3 5 57 58
31.20121282904527 31.35068009703368 12.14423476951287 0.5582584778067827 3 5 34 57
